0612,228
0818,412
0632,309
1111,406
1167,1743
0038,188
0496,506
0209,131
1010,512
1046,185
0284,371
0829,537
0470,302
0029,101
0541,140
0616,755
0135,826
0666,623
0550,295
0497,683
1043,1734
0185,243
0581,536
0452,633
0984,221
0192,452
0174,133
0213,229
0468,354
0756,301
0338,3999
0786,481
0514,165
0958,80
0268,694
0244,1472
0072,247
0400,180
0374,204
1077,3591
1060,1230
0181,199
0298,1046
0768,594
1106,1537
0131,688
0526,144
0814,369
0594,408
0936,631
1070,4136
0309,292
0608,711
0178,284
0875,625
0010,153
0554,211
0502,779
0646,840
0234,154
0960,237
0351,2735
0575,359
1137,734
0641,311
0058,110
0629,563
0532,650
1162,235
0487,536
0782,159
0451,1400
1069,700
1095,2084
0403,146
1174,204
0872,804
0377,407
0809,171
0367,453
0901,5815
0707,136
0196,158
0106,129
1198,5860
0201,204
0359,124
0771,318
0216,534
0855,1804
0430,337
0041,250
0472,1037
0636,183
0028,1867
0959,1395
0574,945
0245,1567
0089,349
0525,609
0370,612
0434,179
0973,81
0827,176
0557,314
0777,237
0240,259
1136,178
0943,345
0652,2474
0583,458
0383,183
0779,1064
0250,225
0285,1909
0242,530
0891,860
1027,103
1105,620
0928,712
1068,1128
0531,938
0758,239
0204,267
0088,133
0156,349
0035,488
0300,4857
1195,2054
0619,434
1103,102
1158,1270
1130,269
0085,90
0415,403
0832,296
0617,367
0110,430
0392,1449
0553,669
1080,2405
1038,1419
0679,3741
0252,312
0776,447
0259,520
0195,139
1089,290
0047,1016
1189,468
0150,193
0333,3792
0767,2069
0418,158
0152,332
0075,225
0755,175
0171,95
0117,1187
0991,758
0748,176
0774,1023
0773,103
0166,3002
1200,3642
0105,236
0857,2616
0549,1245
0053,387
0364,189
0587,206
1008,663
0065,353
0297,273
0859,497
0970,73
0103,215
0142,336
0694,170
0974,211
0757,142
0223,206
0803,131
0388,158
0639,228
1168,420
0503,551
0546,398
0731,433
1005,269
0443,181
1123,353
0640,1238
0429,147
0730,223
0048,696
0159,105
0354,177
0398,472
1067,1257
0095,159
0448,394
1037,3359
0658,539
0267,233
0789,210
0826,4282
0580,474
0141,137
0219,199
0972,86
0847,713
0842,558
0754,96
0810,168
0781,106
0069,718
0162,129
0705,89
0592,149
0090,86
0422,202
0964,260
0716,323
0340,12672
0306,175
1078,833
0851,147
0254,1107
0924,1585
0988,220
0329,955
0341,5387
0506,364
0146,173
0475,935
0935,241
0015,129
0635,952
0081,122
1031,204
0990,117
1175,706
0584,295
0139,174
1042,7930
0846,335
0738,2954
0147,1618
0993,399
0118,551
0343,1662
1192,3124
0013,1165
0315,440
0633,183
0127,179
0994,324
1098,435
0968,359
1053,1797
0670,356
0008,143
0011,341
0801,259
0722,110
1110,2125
0212,684
0169,137
0149,249
0366,2055
0856,1191
0154,843
0914,451
0269,118
0022,343
0483,1297
0845,310
0788,206
0423,208
0253,389
0933,397
0527,334
0021,1442
0207,348
0229,558
0708,533
0224,231
0080,129
1063,1392
1075,1030
1019,977
0735,560
0060,233
0157,204
0143,301
0518,632
0963,123
0121,799
0167,276
1133,129
0324,727
0092,69
1147,599
0838,5273
0278,469
1104,263
1186,1141
0992,518
0180,369
1092,829
0784,575
1082,1302
0025,383
0537,1279
0262,306
0257,791
0595,1017
0915,386
0356,232
0873,129
0247,255
0611,1380
0421,337
0668,550
0899,441
0501,1197
0765,802
1181,247
0109,1568
0982,131
0320,400
0643,195
0098,233
0622,1826
0133,159
0194,153
0378,451
0909,542
0929,166
0564,512
0330,11434
0491,919
0545,765
0177,388
1127,204
1087,956
0509,256
0407,4626
0602,464
0605,466
0900,950
0302,289
1159,638
0183,329
0655,343
0813,181
1151,1111
1021,589
1090,743
0079,251
1003,170
1129,281
0913,287
0094,328
0591,193
0884,757
0277,579
0882,379
1056,2976
0018,3598
0671,389
0490,2555
1143,670
0197,271
1128,298
0413,210
1144,4561
0700,86
0279,421
1172,489
0657,509
0505,229
0840,481
0187,370
1121,1549
1194,12865
0049,466
0137,1695
0328,760
1148,290
0446,1794
0588,176
0435,372
0272,637
0677,2307
0863,241
0016,201
0749,1288
0489,487
0712,101
1177,187
0886,181
0551,259
0688,103
1081,960
0031,252
0865,353
0542,962
0674,309
1012,516
0614,3222
1028,197
0175,1588
0319,529
0215,2680
0530,971
0494,2362
0344,2628
0764,646
0733,266
1097,777
0477,385
0665,698
0249,1155
0385,2532
1040,402
1115,469
0208,376
0485,338
0260,275
0759,786
0660,906
0136,267
0811,937
0416,651
0228,264
0126,288
0334,911
0673,267
0326,2021
0769,104
0363,828
0908,470
1091,1099
0068,368
0645,267
0425,899
1118,333
0119,146
0256,252
0642,1298
0365,2585
0005,560
0481,619
0536,259
0233,1437
0631,236
0261,282
0922,1289
0009,936
1141,280
0362,423
0783,386
0898,239
0164,197
0510,322
0770,410
0944,406
0327,7423
1185,519
1113,921
0325,950
0941,170
0682,236
0122,166
0927,1047
0316,1162
0954,325
0046,187
0456,1274
0949,1456
0925,560
0511,289
0996,703
1199,2311
0519,875
0478,542
0962,481
0515,481
0032,564
0934,754
1188,1430
0474,2359
0217,1445
0573,499
0890,603
0868,578
0790,915
0680,4097
0097,254
0524,1101
0504,1110
1201,4663
0533,366
0222,1436
1164,272
0479,1416
0412,434
0874,466
1096,489
1112,187
0938,246
0115,264
0102,124
0082,306
0792,982
0552,463
1197,4953
0039,137
0508,621
0795,113
0067,1453
0695,147
0772,728
0476,265
0310,871
1022,751
0717,341
0685,3417
0125,177
0895,1319
0737,1024
1016,534
0719,476
1184,580
0386,275
0390,1237
0317,246
0034,453
0570,568
0957,179
0107,160
0798,140
0464,165
0091,405
1074,1359
0057,162
1193,7647
0073,269
0033,175
1120,542
1117,230
0160,432
0221,1762
0467,155
0083,152
0651,1225
1114,736
0906,2502
0667,1059
0571,734
0449,224
0878,244
0420,236
0104,720
0969,349
0394,4810
0100,333
0945,257
0132,428
0291,626
1085,1278
0155,183
0904,867
0384,1399
1135,268
0794,447
0917,137
0726,353
0778,523
0987,247
0579,1058
0877,1956
0066,915
0263,800
0044,134
0050,82
0953,549
0563,245
0295,697
0460,3591
0740,171
0800,250
0892,456
0741,121
0062,106
1041,331
1071,858
0283,691
0634,195
0200,161
0547,599
0441,391
1152,1743
0823,641
0401,1556
0711,298
1007,93
0686,2286
0424,10274
0723,678
0720,119
1170,2772
1101,871
1066,2499
0276,480
0948,365
0012,103
0578,2396
0027,1072
0236,362
0358,122
1119,339
0465,174
0128,705
1029,385
1062,1066
0529,356
0848,563
0618,1209
0246,292
0620,749
0289,557
0538,421
0040,161
0440,112
0179,265
0734,1471
0887,1435
0648,260
1086,493
0210,388
0978,126
0471,924
0819,727
0037,851
0266,479
0379,1527
0888,464
0410,212
0521,601
0951,594
0361,145
0332,6653
0042,65
1013,516
0437,685
0389,219
1026,244
0644,597
0286,1783
0293,215
0294,2217
0881,456
1176,193
0715,305
1142,277
1052,517
0473,182
1020,938
1134,252
0419,316
0698,61
0274,299
0084,114
0450,241
0732,284
0866,512
1015,396
0843,465
0024,111
0397,613
0727,6052
0568,155
0345,657
0074,279
0802,135
0548,304
0232,168
0805,1743
0004,131
0806,727
0624,431
0912,664
0577,983
0203,395
0556,238
0597,359
0555,1446
0743,178
0876,2363
0312,339
1108,453
0059,175
1183,825
0108,198
0897,232
0676,190
0971,229
0055,331
0905,1062
0844,1360
0348,747
0761,443
0678,3848
0834,190
0752,126
0017,5520
0835,177
0627,399
1131,138
1044,7953
0447,291
0864,376
1139,138
0273,268
0689,2019
1157,491
0070,901
0860,307
0926,866
0148,229
1057,1349
0043,49
1165,606
0211,201
0787,208
0862,1911
0198,314
0997,471
1001,440
1196,8434
0399,345
0331,4635
0662,1790
0288,185
0824,207
0372,478
0966,148
1146,719
0739,7695
0431,441
0699,65
0894,3105
1178,153
1180,714
1150,317
0093,205
0311,2047
0290,216
0347,2127
1154,313
0828,1145
0145,217
0140,463
0357,429
0975,425
0746,564
0190,347
0404,249
0558,434
1083,2474
0500,648
0369,384
0442,170
0615,313
0998,961
0946,262
0499,1206
0138,507
1076,946
0116,139
0432,465
0589,142
0226,171
0687,192
0879,658
0516,1343
0393,166
0729,360
0930,551
1093,3245
0965,108
0710,156
1191,909
0593,504
0528,276
0120,136
0623,459
0517,2190
1155,1668
0036,249
0582,857
0713,149
0238,550
0672,542
1107,255
0751,304
0544,462
0650,1544
0932,2354
0019,3933
1011,560
0061,203
0661,379
1160,424
0350,1525
0281,1477
0414,461
0373,908
0559,196
0858,457
0725,430
0071,596
0218,4609
0910,303
0480,1185
0020,611
0255,3146
0438,273
0691,299
0287,6384
0585,197
0402,399
0444,172
0380,361
0436,308
1190,2405
0638,863
0918,976
0709,328
0463,452
0405,692
1149,1769
0161,321
0184,219
0704,801
1182,344
0182,684
0976,262
0186,362
0606,467
0239,592
1153,891
0961,319
0869,226
0854,180
0850,254
0426,331
0675,243
0791,459
1054,1301
0172,195
1166,403
0427,1998
0702,94
0693,4256
0718,650
0893,1628
0637,175
0590,475
0940,410
0825,721
0861,627
0796,397
0513,306
0572,355
0931,2821
0947,3053
0482,276
0318,356
1036,748
1035,532
0981,163
0462,435
1109,1589
1024,73
0822,491
0561,1348
0495,1772
0130,1964
0335,419
0763,947
0493,335
0939,140
0342,2585
0839,361
0714,313
0484,228
0001,433
0852,395
0381,520
0153,951
0382,645
0565,291
0742,386
0724,128
0433,624
0706,351
0469,442
0158,159
0052,851
0336,2196
0512,196
0352,1581
0522,502
0304,273
0409,448
0744,434
0376,335
0458,450
0051,90
0923,1902
0235,131
0797,1880
1000,1850
1033,263
0395,427
0191,490
0368,947
0621,277
0054,157
0656,372
0323,992
0980,175
0919,1612
0453,506
1138,237
0745,153
0808,275
0193,145
1055,658
1006,847
0630,139
0225,150
0086,283
0690,321
0214,152
0248,122
0804,172
0696,188
1002,549
1187,402
0459,903
0983,132
0562,874
1051,304
0986,592
0979,299
0599,264
1039,4923
0488,2606
0663,217
0902,3154
1017,679
1079,884
0360,170
0613,489
1061,2781
0837,1056
0849,210
0492,319
0064,174
0455,201
1124,391
0078,1952
0903,595
0063,255
0188,290
0853,419
0762,1188
1058,612
0045,153
0461,2054
1048,126
0916,1920
0833,644
0750,456
0112,2513
0601,216
0023,378
0567,212
0391,710
0355,222
0457,1229
0985,106
0569,939
0760,304
0077,307
0628,470
0439,369
0721,415
1014,422
0408,2084
0907,2115
0307,404
0870,260
0134,230
0111,450
0339,3268
0296,166
0322,904
1072,2034
1050,150
0793,393
0576,130
0535,227
0144,114
1100,1147
