3015,0.0
0407,0.0
0797,0.0
1969,0.0
0401,0.0
1880,0.0
0171,0.0
0146,0.0
0476,0.0
0688,0.0
0351,0.0
2279,0.0
2333,0.0
1151,0.0
2921,0.0
0003,0.0
1241,0.0
0695,0.0
2920,0.0
0356,0.0
0051,0.0
2965,0.0
1386,0.0
1067,0.0
0173,0.0
2936,0.0
3035,0.0
2544,0.0
2018,0.0
0891,0.0
0002,0.0
0194,0.0
0203,0.0
2742,0.0
0681,0.0
0693,0.0
2226,0.0
0478,0.0
1423,0.0
3088,0.0
0748,0.0
0563,0.0
1452,0.0
0946,0.0
1488,0.0
2630,0.0
2665,0.0
2231,0.0
1802,0.0
1602,0.0
2046,0.0
1611,0.0
0807,0.0
0460,0.0
2722,0.0
0866,0.0
2383,0.0
0408,0.0
1336,0.0
0921,0.0
1255,0.0
1162,0.0
1693,0.0
0856,0.0
0982,0.0
2311,0.0
1704,0.0
1225,0.0
2121,0.0
1492,0.0
0961,0.0
0438,0.0
3008,0.0
0673,0.0
0204,0.0
2235,0.0
2752,0.0
1254,0.0
1110,0.0
0532,0.0
0527,0.0
1135,0.0
2211,0.0
1510,0.0
2479,0.0
1072,0.0
1594,0.0
1403,0.0
0965,0.0
0420,0.0
3054,0.0
2058,0.0
0429,0.0
0670,0.0
0267,0.0
2011,0.0
0118,0.0
1618,0.0
1242,0.0
0332,0.0
0932,0.0
1890,0.0
0537,0.0
2068,0.0
0361,0.0
0489,0.0
0355,0.0
1745,0.0
0253,0.0
0605,0.0
0629,0.0
1419,0.0
0724,0.0
1627,0.0
0422,0.0
0519,0.0
2632,0.0
0152,0.0
2673,0.0
2382,0.0
0396,0.0
0861,0.0
1506,0.0
0208,0.0
2702,0.0
2668,0.0
0109,0.0
1925,0.0
1118,0.0
1012,0.0
1872,0.0
0086,0.0
0220,0.0
1670,0.0
1022,0.0
1020,0.0
1513,0.0
0465,0.0
3075,0.0
2586,0.0
0369,0.0
2864,0.0
0582,0.0
2473,0.0
0703,0.0
0390,0.0
2789,0.0
2020,0.0
2946,0.0
0473,0.0
1600,0.0
2351,0.0
1013,0.0
1635,0.0
1810,0.0
0524,0.0
0032,0.0
0256,0.0
0271,0.0
2911,0.0
2559,0.0
1922,0.0
2085,0.0
2557,0.0
1967,0.0
2596,0.0
2094,0.0
0022,0.0
0292,0.0
1909,0.0
3042,0.0
1401,0.0
3026,0.0
2050,0.0
0172,0.0
1648,0.0
1105,0.0
1177,0.0
2656,0.0
1696,0.0
2671,1.0
1558,2.0
1424,2.0
2640,2.0
2981,2.0
0992,3.0
1926,3.0
1920,3.0
0942,5.0
2065,5.0
3104,5.0
0276,5.0
0562,5.0
1559,5.0
2252,5.0
2154,6.0
1664,6.0
0033,6.0
1914,6.0
0122,6.0
2349,6.0
2525,6.0
2174,6.0
1742,6.0
2727,7.0
0104,7.0
1404,8.0
0633,8.0
1799,8.0
0038,8.0
0137,8.0
1730,9.0
2095,9.0
2472,9.0
1236,9.0
0067,9.0
1178,9.0
0896,9.0
2739,10.0
1547,10.0
1477,10.0
0625,10.0
0678,10.0
1416,10.0
3027,11.0
2985,11.0
1344,11.0
2352,11.0
1934,12.0
1672,12.0
2737,12.0
1901,13.0
0699,13.0
0066,13.0
2879,13.0
0188,13.0
1894,13.0
0549,13.0
2104,13.0
1576,13.0
1844,13.0
2848,14.0
0046,14.0
1237,14.0
1859,15.0
0609,15.0
0232,15.0
0326,15.0
0243,15.0
0450,15.0
2615,16.0
0832,16.0
0790,16.0
2384,16.0
1332,16.0
1578,16.0
2591,17.0
2012,17.0
2787,17.0
2385,17.0
1155,17.0
2146,17.0
1542,17.0
2399,17.0
2013,17.0
2912,18.0
0862,18.0
1353,18.0
0632,18.0
1554,18.0
3078,18.0
1041,18.0
2653,19.0
0565,19.0
2523,19.0
1211,19.0
1743,19.0
0221,19.0
1496,20.0
1963,20.0
0186,20.0
1575,20.0
1653,20.0
0795,20.0
0529,21.0
1971,21.0
2025,21.0
0395,21.0
2782,21.0
1112,21.0
0777,21.0
0061,21.0
0619,21.0
2317,21.0
0316,21.0
1883,22.0
0661,22.0
0608,22.0
1191,22.0
1194,22.0
1820,22.0
2139,22.0
2213,22.0
1598,22.0
2463,22.0
0319,22.0
1828,23.0
1636,23.0
1334,23.0
1103,23.0
1442,23.0
0931,23.0
2144,23.0
1984,23.0
1028,23.0
1913,23.0
3012,23.0
0935,24.0
1530,24.0
2971,24.0
2298,24.0
1785,24.0
2695,24.0
1181,24.0
1954,24.0
2316,24.0
1817,24.0
0357,24.0
1889,24.0
0803,24.0
2110,25.0
1323,25.0
0126,25.0
1107,25.0
1339,25.0
1058,25.0
0654,25.0
2244,25.0
1725,25.0
0887,25.0
2100,25.0
0085,25.0
3038,25.0
1487,25.0
1213,25.0
1097,25.0
0684,25.0
0230,25.0
0595,25.0
1525,25.0
0305,25.0
0559,25.0
2282,25.0
2885,26.0
1784,26.0
2335,26.0
1172,26.0
3020,26.0
0711,26.0
0880,26.0
0948,26.0
1285,26.0
1387,26.0
2717,27.0
0923,27.0
2459,27.0
1354,27.0
0991,27.0
1385,27.0
1082,27.0
0248,27.0
2084,27.0
2136,27.0
1252,27.0
2157,27.0
0047,27.0
1281,27.0
1392,27.0
2021,27.0
2712,27.0
1468,27.0
1136,28.0
1226,28.0
3069,28.0
0592,28.0
2916,28.0
2688,28.0
1361,28.0
2457,28.0
2662,28.0
0312,28.0
3092,28.0
3086,28.0
0110,29.0
1227,29.0
2322,29.0
2275,29.0
0018,29.0
0964,29.0
0933,29.0
0345,29.0
0996,30.0
1638,30.0
2638,30.0
0713,30.0
2465,30.0
2959,31.0
1089,31.0
2300,31.0
1658,31.0
0986,31.0
2142,31.0
1159,31.0
2970,31.0
0801,31.0
1376,31.0
2469,32.0
0731,32.0
0626,32.0
0105,32.0
2829,32.0
0908,32.0
0576,32.0
2785,32.0
0196,32.0
2010,32.0
0587,33.0
1766,33.0
0394,33.0
0804,33.0
1950,33.0
1143,33.0
2209,33.0
2036,33.0
2550,33.0
0736,33.0
1607,33.0
1998,33.0
2568,34.0
1045,34.0
3039,34.0
2821,34.0
2698,34.0
0007,34.0
1977,34.0
2406,34.0
2302,34.0
1681,34.0
1289,34.0
0897,35.0
1936,35.0
2576,35.0
1874,35.0
2758,35.0
1728,35.0
0131,35.0
2360,35.0
1516,35.0
0044,35.0
1434,36.0
1975,36.0
0872,36.0
0075,36.0
0430,36.0
2886,36.0
1911,36.0
1413,36.0
1641,36.0
3102,36.0
0010,36.0
1003,36.0
1093,36.0
1823,36.0
2278,37.0
2526,37.0
2909,37.0
2162,37.0
1337,37.0
1395,37.0
2569,37.0
2762,37.0
0179,37.0
0005,37.0
0307,38.0
1574,38.0
0020,38.0
1043,38.0
1008,38.0
1296,38.0
1765,38.0
2823,38.0
0117,38.0
1128,39.0
0963,39.0
0096,39.0
1460,39.0
1034,39.0
0806,39.0
2926,39.0
0668,39.0
2417,39.0
1256,39.0
1680,39.0
0680,39.0
1054,39.0
1309,39.0
0721,39.0
0585,40.0
0287,40.0
2508,40.0
2429,40.0
0244,40.0
1818,40.0
2402,40.0
2647,40.0
1708,40.0
0899,40.0
1459,40.0
0939,41.0
1886,41.0
1581,41.0
2461,41.0
0786,41.0
1522,41.0
3097,41.0
1422,41.0
0215,41.0
2303,41.0
2277,42.0
1767,42.0
1007,42.0
2474,42.0
1773,42.0
1548,42.0
2509,42.0
2968,42.0
2092,42.0
2869,43.0
1736,43.0
0821,43.0
3019,43.0
1916,43.0
2820,43.0
1599,43.0
0811,43.0
2381,43.0
0980,43.0
1123,43.0
2210,43.0
2616,44.0
1120,44.0
1715,44.0
1478,44.0
0669,44.0
2831,44.0
1125,44.0
0174,44.0
0791,44.0
2208,45.0
1720,46.0
1014,46.0
0952,46.0
2323,46.0
2624,46.0
1791,46.0
0552,46.0
0001,46.0
1364,46.0
0101,47.0
1083,47.0
1508,47.0
2251,47.0
2101,47.0
1480,47.0
2179,47.0
2420,47.0
0851,47.0
0674,47.0
0894,47.0
2066,47.0
1583,47.0
2022,47.0
2260,48.0
2900,48.0
0069,48.0
1388,48.0
2424,48.0
1649,48.0
0463,48.0
1958,48.0
0279,48.0
0224,48.0
0031,49.0
2433,49.0
2227,49.0
1748,49.0
0568,49.0
2362,49.0
1568,49.0
2650,49.0
1933,49.0
3031,50.0
1031,50.0
0926,50.0
1004,50.0
0184,50.0
0637,50.0
1239,50.0
1795,50.0
3004,50.0
2738,51.0
2812,51.0
1429,51.0
2464,51.0
1753,51.0
2090,51.0
2918,51.0
2514,51.0
1750,52.0
1425,52.0
0572,52.0
2651,52.0
3001,52.0
0776,52.0
1624,53.0
2940,53.0
0089,53.0
2973,53.0
0753,53.0
0920,53.0
2610,54.0
1897,54.0
1204,54.0
1000,54.0
1778,54.0
2411,54.0
3036,55.0
1846,55.0
1077,55.0
2849,55.0
2341,55.0
1015,55.0
3003,55.0
0084,55.0
1185,55.0
2108,55.0
0503,56.0
0324,56.0
1243,56.0
1448,56.0
2055,56.0
2375,56.0
2141,56.0
1740,57.0
2964,57.0
0098,57.0
1623,57.0
1562,57.0
0048,57.0
2935,57.0
0456,57.0
0206,57.0
3108,57.0
2565,58.0
2051,58.0
0205,58.0
1065,58.0
1439,58.0
0260,59.0
0502,59.0
2289,59.0
1048,59.0
0704,59.0
2447,59.0
0365,59.0
2953,59.0
2813,59.0
0813,59.0
2919,60.0
1768,60.0
1995,60.0
0569,60.0
1165,60.0
1062,60.0
0741,60.0
0286,60.0
1980,60.0
0983,60.0
1192,60.0
0878,61.0
1903,61.0
0663,61.0
0423,61.0
0432,61.0
1968,61.0
1564,61.0
0548,61.0
1937,61.0
2513,61.0
2692,62.0
0710,62.0
0414,62.0
0976,62.0
0536,62.0
1822,62.0
0402,62.0
2071,62.0
2580,62.0
2733,63.0
1660,63.0
2329,63.0
1792,63.0
0397,63.0
2358,63.0
1357,64.0
0535,64.0
2255,64.0
0770,64.0
0273,64.0
0934,65.0
0112,65.0
2851,65.0
0392,65.0
1677,65.0
1695,65.0
0918,65.0
2466,65.0
0285,66.0
2310,66.0
1314,66.0
3009,66.0
2850,66.0
1273,66.0
2397,67.0
2629,67.0
2551,67.0
2236,68.0
1752,68.0
1850,68.0
0466,68.0
0454,68.0
2454,68.0
0475,68.0
2130,68.0
1029,69.0
0270,69.0
2161,69.0
0094,69.0
2552,69.0
0216,69.0
1830,69.0
2200,69.0
0538,69.0
1464,70.0
1892,70.0
0546,70.0
2239,70.0
2531,70.0
2120,70.0
3043,70.0
0424,70.0
3046,70.0
0240,70.0
0981,71.0
2061,71.0
1307,71.0
1520,71.0
0557,71.0
1375,71.0
1212,71.0
2129,71.0
2945,71.0
0210,71.0
0160,71.0
0719,71.0
0213,71.0
0168,72.0
0758,72.0
3045,72.0
0116,72.0
2460,72.0
2215,73.0
1862,73.0
1114,73.0
1195,73.0
1189,74.0
0416,74.0
2548,74.0
2301,74.0
2181,75.0
0989,75.0
2485,76.0
2138,76.0
0382,76.0
2232,76.0
2832,76.0
2427,76.0
2137,76.0
2258,76.0
2443,76.0
0531,76.0
1009,76.0
1622,77.0
1651,77.0
0974,77.0
0017,77.0
0727,77.0
1689,77.0
2253,77.0
2528,77.0
1585,78.0
0124,78.0
0867,78.0
2774,78.0
3023,79.0
0900,79.0
1489,79.0
2530,79.0
1381,79.0
1659,79.0
0108,79.0
1060,80.0
1497,80.0
2517,80.0
1359,80.0
1781,81.0
1234,81.0
0940,81.0
2324,81.0
2683,82.0
2777,82.0
1293,82.0
2521,82.0
1982,82.0
0581,83.0
1203,83.0
2415,83.0
2677,83.0
0252,83.0
2286,83.0
2218,83.0
2594,84.0
0014,84.0
0854,84.0
2288,84.0
2040,84.0
2755,84.0
2749,84.0
2627,84.0
0295,84.0
0176,85.0
0530,85.0
0352,85.0
2644,85.0
2859,85.0
1698,85.0
1686,85.0
1147,85.0
2190,86.0
1938,86.0
3062,87.0
1290,87.0
1140,87.0
0141,87.0
2626,87.0
1253,87.0
0452,87.0
2248,88.0
3059,88.0
0845,88.0
2336,89.0
1539,89.0
2193,89.0
2441,89.0
0521,89.0
1879,89.0
2699,90.0
2109,90.0
2995,90.0
2602,90.0
1617,90.0
1024,90.0
2902,91.0
0097,91.0
2184,91.0
3051,91.0
2080,92.0
1073,92.0
0953,92.0
2672,92.0
1311,92.0
1202,92.0
0099,92.0
0798,93.0
2246,93.0
0912,93.0
1417,93.0
1654,94.0
1675,94.0
1881,94.0
2676,94.0
2891,94.0
0487,94.0
1095,94.0
2098,94.0
2703,95.0
1267,95.0
2836,95.0
3050,95.0
3058,95.0
2256,95.0
2825,95.0
2701,96.0
1541,96.0
2555,96.0
0214,96.0
2613,96.0
1438,97.0
1117,97.0
0135,97.0
0622,97.0
3083,97.0
0277,97.0
1976,97.0
1295,97.0
0386,98.0
0883,98.0
1851,98.0
0448,98.0
0303,98.0
1390,98.0
2228,99.0
0464,99.0
0959,99.0
0949,99.0
3093,100.0
2991,100.0
0910,100.0
0742,100.0
0009,100.0
1855,101.0
1056,101.0
0200,101.0
3063,101.0
0746,101.0
1747,101.0
1074,102.0
2896,102.0
2966,102.0
1757,102.0
0427,103.0
0865,103.0
0863,103.0
1684,103.0
1342,104.0
1270,104.0
2280,104.0
0263,104.0
2470,104.0
1964,104.0
0219,104.0
0774,104.0
2708,104.0
0165,105.0
2543,105.0
2426,105.0
3060,105.0
1346,105.0
1163,105.0
0425,105.0
1377,105.0
0893,105.0
1552,106.0
0720,106.0
0756,106.0
0348,106.0
1878,107.0
1669,107.0
2342,107.0
2895,107.0
3048,107.0
0715,107.0
2328,107.0
1040,107.0
2746,108.0
0056,108.0
0752,108.0
0378,108.0
2496,108.0
0004,108.0
2852,108.0
0269,108.0
1947,108.0
0659,108.0
1111,109.0
0771,109.0
2835,109.0
0765,109.0
0672,109.0
2237,110.0
1180,110.0
1052,110.0
3068,110.0
2371,110.0
0640,110.0
1179,110.0
0259,111.0
0620,111.0
2670,111.0
0881,111.0
2434,111.0
0627,111.0
1893,111.0
1049,111.0
1871,112.0
2118,112.0
2346,112.0
0431,112.0
0904,112.0
2476,112.0
1699,112.0
0133,112.0
1144,112.0
1463,113.0
2800,113.0
2440,113.0
0830,113.0
0955,113.0
0283,113.0
2910,113.0
1316,113.0
2166,114.0
3010,114.0
0306,114.0
0159,114.0
2056,114.0
0584,114.0
0978,115.0
0789,115.0
2334,115.0
0604,115.0
1032,115.0
2649,115.0
0655,115.0
2093,115.0
0462,115.0
2860,115.0
1724,115.0
2270,115.0
2261,115.0
2088,116.0
2448,116.0
0501,116.0
0202,116.0
1168,117.0
0844,117.0
2297,117.0
2015,117.0
1331,117.0
3040,118.0
1807,118.0
1461,118.0
0233,118.0
0058,118.0
1303,118.0
1741,118.0
2937,119.0
3017,119.0
1705,119.0
0036,119.0
1738,119.0
2778,119.0
0700,119.0
1443,119.0
1371,120.0
2634,120.0
0376,120.0
2843,120.0
2500,120.0
2938,120.0
1182,120.0
2858,120.0
0222,121.0
0694,121.0
2370,121.0
0025,121.0
2841,121.0
0578,122.0
2519,122.0
2032,122.0
2617,122.0
1974,122.0
2016,122.0
0293,122.0
2091,122.0
0254,123.0
2840,123.0
0520,123.0
3025,123.0
2661,123.0
0597,124.0
1997,124.0
1321,124.0
1608,124.0
2205,124.0
1526,124.0
0579,124.0
2269,124.0
1683,125.0
1615,125.0
0288,125.0
0370,125.0
1101,125.0
2163,126.0
0689,126.0
1957,126.0
0728,127.0
2839,127.0
0683,127.0
2497,127.0
0823,127.0
1537,127.0
2331,128.0
1870,128.0
1712,128.0
2566,128.0
0835,128.0
1786,128.0
0966,128.0
1614,129.0
1199,129.0
0367,129.0
2170,129.0
0763,129.0
0947,129.0
1053,130.0
2373,130.0
1732,130.0
3095,130.0
0879,130.0
1666,130.0
1087,130.0
0769,130.0
0788,131.0
2652,131.0
1809,131.0
1349,131.0
0590,131.0
2467,131.0
0773,132.0
0043,132.0
0593,132.0
0249,132.0
3055,132.0
1523,132.0
0628,132.0
2818,133.0
1169,133.0
1756,133.0
0975,133.0
0011,133.0
2740,133.0
1546,134.0
1399,134.0
1780,134.0
0779,134.0
2541,134.0
0642,134.0
1345,134.0
0185,135.0
2407,135.0
0825,135.0
2462,135.0
1731,135.0
2203,136.0
2243,136.0
3014,136.0
1588,136.0
2159,136.0
2089,136.0
2875,136.0
2169,137.0
2838,137.0
2263,137.0
1529,137.0
1587,137.0
0024,137.0
1348,138.0
1935,138.0
1160,138.0
1232,138.0
2618,138.0
2728,138.0
0100,138.0
1449,138.0
1493,139.0
1352,139.0
1836,139.0
2890,139.0
2690,139.0
2990,139.0
0153,140.0
2318,140.0
2960,140.0
0623,140.0
2348,140.0
0954,141.0
0824,141.0
1538,141.0
2553,141.0
1524,141.0
1835,141.0
1556,141.0
1948,141.0
0129,141.0
2185,142.0
0083,142.0
2645,142.0
0846,142.0
0732,142.0
1563,142.0
1428,143.0
2501,143.0
0614,143.0
1949,143.0
2034,143.0
0512,143.0
1601,143.0
2014,144.0
2663,144.0
0839,144.0
2374,144.0
2934,144.0
2764,144.0
1455,145.0
2054,145.0
0368,145.0
2811,145.0
0810,145.0
2772,146.0
1915,146.0
0091,146.0
0616,147.0
0567,147.0
2380,147.0
1415,147.0
2140,147.0
0817,147.0
1006,147.0
0458,148.0
0783,148.0
2044,148.0
2450,148.0
0902,148.0
2611,148.0
1775,149.0
1702,149.0
1842,149.0
0841,149.0
2294,149.0
0612,149.0
2872,149.0
2917,149.0
2561,150.0
0794,150.0
2188,150.0
1609,150.0
3082,151.0
1978,151.0
1697,151.0
0237,151.0
2291,151.0
0598,151.0
1961,151.0
1999,152.0
1796,152.0
0870,152.0
0300,152.0
1170,152.0
0163,152.0
2743,152.0
1500,152.0
2276,152.0
1299,153.0
1467,153.0
2795,153.0
1917,154.0
2704,154.0
2721,155.0
2655,155.0
2049,155.0
1294,156.0
1511,156.0
0667,156.0
3067,157.0
2176,157.0
2865,157.0
2942,157.0
2180,157.0
2033,157.0
0106,158.0
1164,158.0
2490,158.0
0469,158.0
2769,158.0
2999,159.0
0497,159.0
1848,159.0
2745,159.0
1378,160.0
1138,160.0
1939,160.0
0055,160.0
2589,160.0
2856,160.0
2389,160.0
3081,161.0
2412,161.0
0575,161.0
0364,161.0
0076,161.0
0028,161.0
2028,161.0
0594,161.0
2574,162.0
0553,162.0
0461,162.0
0435,162.0
1302,162.0
2019,163.0
1832,163.0
1533,163.0
2606,163.0
0445,164.0
1085,164.0
2948,164.0
2877,164.0
0474,164.0
1329,165.0
0543,165.0
1515,165.0
0936,165.0
2943,166.0
2165,166.0
2639,166.0
2826,166.0
0491,166.0
1847,166.0
2421,167.0
2400,167.0
2152,167.0
1174,167.0
1091,167.0
1462,167.0
1813,168.0
2954,168.0
2893,168.0
2793,168.0
0775,168.0
3079,169.0
2694,169.0
0331,169.0
0317,169.0
0834,169.0
2284,169.0
1251,170.0
2768,170.0
2798,170.0
2312,170.0
1536,170.0
0223,170.0
1902,171.0
0985,171.0
2442,171.0
0979,171.0
0686,171.0
0313,171.0
2223,172.0
1196,172.0
0603,172.0
0442,172.0
1418,173.0
2114,173.0
0814,173.0
2607,173.0
1001,174.0
1238,174.0
0052,174.0
1317,174.0
1272,174.0
1108,174.0
1470,174.0
0034,174.0
2685,175.0
0134,175.0
0607,175.0
2038,175.0
0375,175.0
0630,175.0
0026,176.0
2353,176.0
0656,176.0
1233,176.0
2667,176.0
2001,176.0
2327,177.0
2076,177.0
1985,177.0
2394,178.0
2063,178.0
0792,178.0
1869,178.0
2539,179.0
2309,180.0
1059,180.0
1198,180.0
1465,181.0
1888,181.0
1616,181.0
2648,181.0
1167,182.0
1945,182.0
0155,182.0
2753,183.0
2377,183.0
2069,184.0
1146,184.0
2369,185.0
1991,185.0
3106,185.0
0513,185.0
1457,186.0
2669,186.0
2477,186.0
2554,186.0
1218,186.0
1776,186.0
0498,186.0
1746,186.0
0885,186.0
1186,187.0
0449,187.0
0624,187.0
0467,187.0
1586,187.0
0366,187.0
0993,187.0
3087,188.0
2679,188.0
1735,188.0
2516,189.0
1986,189.0
2834,189.0
2756,189.0
0780,189.0
0868,189.0
2693,191.0
1451,191.0
0201,191.0
0057,191.0
1277,192.0
2435,192.0
1069,193.0
2264,193.0
1504,194.0
1358,194.0
0759,194.0
2449,194.0
2707,194.0
2845,194.0
1806,195.0
2997,195.0
0909,195.0
0073,195.0
0554,195.0
3041,196.0
0258,196.0
1142,196.0
1216,197.0
1634,197.0
2075,197.0
2697,197.0
0507,198.0
0849,198.0
1291,198.0
3007,200.0
1941,200.0
1005,200.0
2612,200.0
1923,200.0
1217,201.0
2510,201.0
0113,201.0
2716,201.0
0250,201.0
1436,202.0
2338,202.0
0162,203.0
2437,203.0
1644,203.0
0340,203.0
1440,203.0
1919,203.0
2799,204.0
1931,204.0
0570,204.0
1777,205.0
1312,205.0
2202,206.0
1326,206.0
2086,207.0
1471,208.0
0341,208.0
1139,208.0
2598,208.0
2201,208.0
0453,209.0
1473,209.0
1426,210.0
0596,210.0
2824,210.0
0029,210.0
2788,210.0
0829,210.0
2332,211.0
1989,211.0
0847,211.0
2230,212.0
1512,212.0
3022,212.0
0090,212.0
2928,212.0
2660,213.0
1079,213.0
0925,214.0
2221,214.0
1610,214.0
1325,214.0
1729,214.0
0970,215.0
0207,215.0
0079,215.0
1994,216.0
0542,216.0
0755,216.0
0413,216.0
1084,216.0
2575,218.0
0315,218.0
2931,219.0
1262,219.0
1887,219.0
0238,219.0
1801,220.0
1929,220.0
1990,221.0
1531,221.0
2413,221.0
0187,221.0
2978,221.0
2359,222.0
0157,222.0
1910,222.0
0246,223.0
0092,223.0
2314,223.0
0687,223.0
2183,223.0
0892,223.0
0826,224.0
1561,224.0
1749,225.0
2546,225.0
2558,225.0
0347,226.0
0772,226.0
0308,226.0
1993,226.0
1061,226.0
1755,226.0
0262,227.0
2356,227.0
1279,228.0
1960,228.0
1116,228.0
0381,229.0
0767,229.0
2515,229.0
0030,230.0
2271,230.0
0968,230.0
2686,231.0
1130,231.0
0077,232.0
1310,232.0
2436,233.0
0391,233.0
0556,233.0
2168,233.0
0218,233.0
2913,233.0
0236,234.0
2182,234.0
3080,235.0
1055,235.0
2451,235.0
0209,235.0
1219,236.0
1430,236.0
2186,237.0
1150,238.0
2446,238.0
1811,238.0
1019,238.0
1078,238.0
2714,239.0
1175,239.0
1038,239.0
3021,240.0
2537,240.0
1841,240.0
0282,240.0
1176,241.0
1356,241.0
1570,242.0
2060,242.0
3091,243.0
0930,243.0
0651,244.0
0229,244.0
1373,244.0
0291,244.0
0937,244.0
0802,245.0
0148,245.0
2042,246.0
2307,246.0
1184,246.0
2199,246.0
0848,246.0
3034,247.0
2234,247.0
0433,247.0
0586,248.0
2268,248.0
0121,249.0
1899,249.0
2573,249.0
0362,249.0
2321,250.0
3089,250.0
0943,250.0
2681,250.0
1070,251.0
2087,251.0
2197,251.0
2273,251.0
1840,251.0
0095,252.0
0544,252.0
0322,252.0
2483,253.0
2343,253.0
0738,253.0
0477,253.0
2361,255.0
2967,255.0
0850,256.0
1527,256.0
1223,256.0
0418,257.0
1047,257.0
2488,257.0
2556,257.0
2363,258.0
1229,258.0
0945,258.0
2784,258.0
0725,258.0
1127,259.0
2315,259.0
2899,260.0
2132,260.0
1713,260.0
0261,261.0
2572,261.0
1132,261.0
0490,262.0
1076,262.0
0441,262.0
2074,262.0
1486,262.0
0843,262.0
2498,263.0
0511,264.0
2689,264.0
0471,264.0
1445,264.0
0905,264.0
0154,265.0
1391,266.0
0410,266.0
2803,266.0
1856,268.0
2416,269.0
2579,269.0
0757,269.0
0158,269.0
0333,270.0
2810,270.0
0646,270.0
0272,270.0
2567,270.0
2487,271.0
1246,271.0
1701,271.0
1447,271.0
1771,272.0
0927,272.0
1553,272.0
1891,272.0
2983,273.0
2540,274.0
2249,275.0
1406,275.0
2158,275.0
2177,275.0
2563,276.0
2711,276.0
2048,276.0
2073,277.0
1119,277.0
1215,277.0
1645,278.0
0310,278.0
2822,278.0
0344,278.0
2560,279.0
2151,279.0
2775,280.0
2751,281.0
0636,281.0
2905,281.0
0819,281.0
1398,281.0
2376,282.0
1498,282.0
0156,283.0
0550,283.0
1906,283.0
1017,283.0
1800,283.0
2272,283.0
0336,284.0
2052,284.0
2105,284.0
2780,285.0
2715,285.0
2128,286.0
0950,286.0
2807,286.0
0496,286.0
1944,287.0
0643,287.0
2871,287.0
2511,287.0
0161,288.0
1129,288.0
1248,290.0
0743,290.0
2977,291.0
0733,292.0
1783,292.0
0037,292.0
1737,294.0
1904,294.0
1090,294.0
0027,295.0
2658,295.0
0560,297.0
3094,297.0
1247,297.0
0874,298.0
1873,299.0
1490,299.0
1456,299.0
2484,299.0
2330,300.0
0649,300.0
1793,300.0
0928,300.0
2340,301.0
1313,301.0
1900,301.0
3028,301.0
3056,301.0
2398,301.0
1382,301.0
1637,302.0
2706,302.0
0737,302.0
0860,303.0
1389,303.0
1433,304.0
1804,305.0
1208,305.0
0785,305.0
0722,305.0
0906,305.0
2806,306.0
0997,306.0
1444,306.0
1831,306.0
3071,306.0
1966,306.0
2079,306.0
1050,307.0
1124,307.0
2915,307.0
0265,307.0
0374,308.0
0198,308.0
0882,308.0
0197,308.0
0231,309.0
0611,309.0
1206,309.0
1393,310.0
2178,310.0
1943,310.0
0353,311.0
1690,312.0
2684,312.0
0809,313.0
2950,314.0
2102,314.0
2116,314.0
3101,316.0
2007,316.0
3006,316.0
2887,316.0
0709,317.0
0523,317.0
0730,317.0
2771,318.0
2418,318.0
1973,319.0
2117,319.0
2765,319.0
0526,320.0
0400,320.0
0142,320.0
2720,320.0
1679,320.0
1572,321.0
0228,322.0
2770,323.0
0990,323.0
1619,325.0
2365,325.0
0275,326.0
2344,326.0
1858,328.0
0500,329.0
0063,329.0
2741,329.0
2998,329.0
2562,330.0
2857,330.0
2505,331.0
1867,332.0
0645,332.0
0662,332.0
1946,333.0
2564,334.0
0574,336.0
1126,336.0
0147,336.0
0702,337.0
1297,337.0
0890,337.0
0373,338.0
1754,338.0
0781,339.0
2682,339.0
2059,341.0
3074,341.0
0065,341.0
0958,343.0
0744,343.0
1631,345.0
0211,345.0
1306,345.0
2148,345.0
0499,346.0
1805,346.0
0525,346.0
2786,347.0
2308,349.0
2587,349.0
0641,349.0
2217,350.0
1650,350.0
0855,350.0
1408,351.0
1394,352.0
2520,354.0
0021,354.0
2167,355.0
2287,355.0
0506,356.0
2532,356.0
2588,358.0
1466,358.0
2392,359.0
0371,359.0
0971,359.0
2962,360.0
2388,360.0
0508,360.0
2172,361.0
1431,363.0
0941,367.0
0189,368.0
0706,368.0
0385,369.0
2502,369.0
1518,369.0
1210,370.0
2933,372.0
1788,372.0
2802,372.0
0994,372.0
2878,372.0
2493,373.0
1656,375.0
1171,376.0
0495,377.0
0268,377.0
2387,378.0
1620,378.0
3090,378.0
2131,378.0
2097,378.0
2779,378.0
1071,379.0
1362,379.0
2319,379.0
2030,380.0
0988,380.0
1918,381.0
0290,381.0
0650,381.0
1266,381.0
2149,381.0
0372,382.0
0580,383.0
1921,383.0
2996,384.0
1450,384.0
0060,384.0
1200,385.0
1154,386.0
1687,387.0
0764,388.0
1657,388.0
1632,388.0
0676,388.0
0321,389.0
2023,390.0
0984,391.0
0701,393.0
2969,393.0
0635,393.0
0708,393.0
2524,394.0
1469,397.0
1372,398.0
1039,399.0
2355,399.0
1221,399.0
0318,399.0
2903,399.0
2304,400.0
1131,401.0
2904,401.0
2620,401.0
1280,401.0
1565,401.0
1271,401.0
2453,402.0
1898,402.0
2809,402.0
2696,404.0
2143,405.0
2883,405.0
0358,408.0
1481,409.0
0840,410.0
0951,410.0
1380,411.0
2070,411.0
0426,412.0
2494,413.0
2064,413.0
0143,413.0
0895,414.0
0337,414.0
2590,414.0
2135,414.0
1475,417.0
1845,417.0
1758,417.0
0998,418.0
0045,418.0
0150,419.0
2529,420.0
0434,420.0
0409,421.0
0455,422.0
1209,424.0
0323,424.0
1134,424.0
1770,426.0
1996,426.0
1647,426.0
2337,428.0
2491,428.0
2817,429.0
0735,429.0
0613,430.0
1343,430.0
2393,431.0
2004,431.0
0359,432.0
0327,434.0
2250,435.0
2901,435.0
1263,435.0
2072,435.0
2507,436.0
0747,437.0
1383,437.0
0123,437.0
0405,440.0
0403,441.0
1363,441.0
1595,442.0
0087,442.0
0510,442.0
2266,443.0
2979,444.0
1340,444.0
0522,444.0
2736,444.0
2077,446.0
1843,447.0
1759,449.0
2229,449.0
0284,449.0
2386,449.0
2419,450.0
0618,450.0
2949,450.0
0470,451.0
2623,451.0
0419,452.0
0957,453.0
1678,454.0
1707,454.0
2111,454.0
2601,455.0
0278,458.0
2929,458.0
0760,458.0
2290,458.0
0517,462.0
0485,462.0
0411,463.0
2734,464.0
2262,464.0
0492,466.0
0639,466.0
1187,466.0
1113,467.0
0675,468.0
1566,470.0
2299,471.0
0696,471.0
1257,472.0
1190,472.0
2906,473.0
0836,473.0
0956,474.0
1584,477.0
3011,478.0
0561,479.0
2468,479.0
0566,480.0
0177,480.0
1224,480.0
1099,481.0
2216,482.0
0828,483.0
2884,483.0
0241,483.0
2238,483.0
0415,483.0
1722,484.0
1567,485.0
1782,485.0
1717,487.0
1760,487.0
0078,489.0
1370,489.0
1483,489.0
2725,489.0
0107,491.0
1437,492.0
1282,493.0
2189,493.0
1298,496.0
0610,498.0
0483,498.0
2980,498.0
1400,499.0
2320,499.0
1454,499.0
2245,500.0
1322,502.0
0648,504.0
1864,504.0
0428,504.0
1010,505.0
0343,506.0
2870,507.0
1411,507.0
1201,508.0
2614,508.0
2882,511.0
2480,513.0
1166,513.0
2729,515.0
1787,515.0
2274,517.0
2957,518.0
0831,518.0
1751,519.0
0054,520.0
2224,521.0
2212,521.0
1819,522.0
2045,523.0
1682,525.0
0739,526.0
1301,526.0
1245,527.0
0539,527.0
0547,527.0
1875,529.0
1284,529.0
2794,530.0
1987,530.0
2219,532.0
2958,532.0
0564,533.0
2597,534.0
0035,534.0
2631,535.0
3077,535.0
0255,536.0
1590,537.0
0329,538.0
3024,539.0
1396,540.0
1706,541.0
0600,544.0
1907,546.0
1235,546.0
0551,547.0
0666,550.0
2194,550.0
2801,552.0
2941,552.0
3033,553.0
2379,557.0
2760,559.0
0541,565.0
2153,565.0
3073,565.0
1808,566.0
0354,567.0
1068,569.0
0617,569.0
2744,569.0
0682,570.0
2354,570.0
1193,572.0
0299,573.0
0298,576.0
2292,577.0
2150,577.0
2547,580.0
2732,580.0
2445,582.0
0762,584.0
1269,587.0
0723,591.0
2489,592.0
0384,594.0
0169,602.0
0039,603.0
2133,604.0
2923,607.0
2107,607.0
2113,612.0
2396,615.0
2747,615.0
2796,616.0
2790,616.0
2414,616.0
1905,618.0
1501,618.0
1330,620.0
1774,623.0
1265,624.0
1308,625.0
1042,626.0
0446,627.0
1580,628.0
2984,630.0
1772,630.0
2713,630.0
1814,630.0
1671,631.0
1476,634.0
2908,635.0
0493,637.0
0199,639.0
1335,641.0
0712,642.0
1100,643.0
2008,643.0
0302,644.0
0170,644.0
0859,645.0
2357,647.0
2145,647.0
1593,648.0
1579,648.0
0644,649.0
2972,650.0
0911,655.0
0193,655.0
0472,657.0
2134,657.0
2582,658.0
1479,661.0
0488,662.0
1789,669.0
2536,670.0
0350,670.0
2267,671.0
1930,674.0
1534,674.0
2581,674.0
2281,677.0
2880,678.0
3052,681.0
1315,682.0
0115,683.0
1435,691.0
0729,692.0
2854,694.0
0815,694.0
1857,700.0
1640,704.0
2403,706.0
0041,711.0
2257,717.0
1086,718.0
1260,719.0
1854,726.0
2408,727.0
3000,728.0
2867,730.0
2339,730.0
1482,734.0
2391,734.0
2605,736.0
1324,737.0
2295,737.0
2989,738.0
0120,739.0
0013,744.0
0049,749.0
2305,750.0
1711,750.0
1092,753.0
1667,754.0
3084,756.0
0690,764.0
1328,767.0
0349,770.0
0334,773.0
0534,776.0
1075,777.0
1662,778.0
0697,779.0
0805,779.0
0360,782.0
2828,786.0
1152,786.0
2750,787.0
0421,788.0
0768,789.0
1421,789.0
1259,790.0
2196,791.0
1928,795.0
2805,797.0
0264,802.0
2160,802.0
1369,803.0
1734,812.0
1276,812.0
1286,815.0
0296,816.0
0924,817.0
1161,820.0
1861,821.0
0822,823.0
2057,830.0
0716,832.0
0180,835.0
0006,839.0
1876,842.0
3005,843.0
1612,845.0
2748,846.0
0714,849.0
1011,851.0
2861,852.0
1300,856.0
1550,857.0
0059,858.0
2082,858.0
1397,858.0
1096,859.0
3100,862.0
0294,863.0
1258,866.0
2027,868.0
2664,869.0
1863,870.0
1560,874.0
1288,875.0
1519,884.0
1694,886.0
2431,886.0
0136,890.0
0864,896.0
0130,897.0
2535,898.0
2527,899.0
1446,899.0
1156,901.0
2002,908.0
1716,913.0
2819,913.0
0707,913.0
2313,916.0
0837,917.0
1829,921.0
2678,922.0
0479,922.0
1992,932.0
0898,936.0
2643,938.0
2830,943.0
2047,944.0
0068,953.0
0518,959.0
2888,969.0
2718,971.0
0342,976.0
0917,979.0
0016,981.0
1625,990.0
1940,990.0
1726,990.0
1030,998.0
2730,999.0
2024,999.0
0325,1003.0
1402,1003.0
1646,1004.0
2874,1008.0
1970,1011.0
0657,1014.0
2123,1015.0
0080,1015.0
1665,1018.0
1896,1020.0
1544,1024.0
0884,1025.0
0436,1026.0
1779,1029.0
1965,1031.0
1319,1033.0
0023,1037.0
2125,1039.0
1214,1055.0
3109,1061.0
2405,1062.0
2247,1067.0
2214,1072.0
2423,1077.0
1884,1084.0
0440,1087.0
0297,1099.0
1365,1103.0
0132,1107.0
0398,1119.0
2791,1125.0
2583,1128.0
0638,1129.0
0691,1131.0
0404,1144.0
0787,1147.0
1366,1156.0
0913,1163.0
1953,1165.0
2438,1179.0
0842,1193.0
1592,1195.0
2127,1198.0
1540,1198.0
0338,1200.0
1621,1200.0
2659,1223.0
1333,1256.0
1700,1261.0
0212,1270.0
2797,1275.0
2409,1277.0
1816,1277.0
2952,1280.0
0139,1285.0
2512,1285.0
1327,1298.0
2112,1307.0
0634,1314.0
2195,1315.0
0631,1318.0
1414,1328.0
2005,1329.0
0915,1329.0
1228,1335.0
2410,1339.0
3044,1341.0
2037,1346.0
1912,1350.0
2444,1354.0
1942,1363.0
2366,1366.0
2240,1373.0
1106,1382.0
0183,1384.0
1016,1429.0
1115,1440.0
0245,1448.0
2951,1448.0
1507,1453.0
2017,1459.0
2862,1461.0
0816,1463.0
1744,1466.0
1633,1508.0
2710,1522.0
2549,1522.0
2608,1536.0
0750,1542.0
0251,1550.0
0274,1551.0
1685,1552.0
2675,1556.0
3053,1576.0
2570,1576.0
2604,1591.0
0671,1593.0
2009,1601.0
2625,1607.0
2853,1632.0
2709,1633.0
0227,1637.0
0929,1683.0
0658,1758.0
3103,1759.0
1979,1762.0
1484,1764.0
1027,1766.0
2724,1793.0
2600,1831.0
0015,1840.0
1207,1847.0
2173,1855.0
2961,1873.0
2892,1924.0
2106,1929.0
2897,1946.0
0877,1975.0
2593,1976.0
1405,2036.0
1275,2051.0
0916,2052.0
1374,2074.0
0665,2079.0
0019,2097.0
2781,2103.0
2873,2112.0
2367,2128.0
2773,2154.0
1763,2226.0
1183,2236.0
2674,2251.0
3061,2270.0
0754,2276.0
0457,2288.0
1122,2302.0
2827,2313.0
1605,2340.0
0280,2344.0
2425,2357.0
1972,2404.0
2986,2408.0
2222,2411.0
2242,2421.0
1057,2428.0
2815,2436.0
1264,2445.0
0973,2462.0
1853,2527.0
1505,2554.0
2844,2555.0
2881,2607.0
3049,2638.0
2481,2702.0
2345,2746.0
0734,2817.0
1368,2825.0
0766,2838.0
0944,2909.0
3064,2925.0
2478,2925.0
1033,2930.0
2503,3031.0
1803,3066.0
2719,3150.0
1723,3165.0
1661,3201.0
0653,3231.0
0257,3245.0
1044,3349.0
1676,3405.0
1158,3592.0
0679,3601.0
2039,3642.0
1571,3652.0
2378,3668.0
0451,3700.0
1582,3793.0
0698,3844.0
1885,3872.0
1545,3958.0
1153,4040.0
1596,4105.0
2595,4215.0
1663,4308.0
2428,4481.0
2930,4535.0
1458,4968.0
0588,5055.0
2723,5060.0
2538,5140.0
0346,5458.0
2927,5541.0
0389,5601.0
2124,5610.0
2422,5762.0
2863,5823.0
1384,6053.0
2783,6089.0
1668,6218.0
1535,6331.0
2846,6407.0
1474,6636.0
2122,7636.0
1718,8219.0
1860,8294.0
0577,8351.0
0178,8359.0
0914,8966.0
0480,9026.0
0008,10294.0
0164,10845.0
1629,11843.0
1838,12036.0
2081,12942.0
2000,13843.0
0652,15426.0
